{
 "cells": [
  {
   "cell_type": "code",
   "execution_count": 1,
   "id": "21155ee4-29d8-48ef-a12d-4cb124a3f39b",
   "metadata": {},
   "outputs": [],
   "source": [
    "import pymatgen"
   ]
  },
  {
   "cell_type": "code",
   "execution_count": 2,
   "id": "e368d81b-ad9b-44c0-af4e-453f2bab65e7",
   "metadata": {},
   "outputs": [],
   "source": [
    "POSCAR_path='D:\\A研究生\\computer_data\\BiSeI\\POSCAR'"
   ]
  },
  {
   "cell_type": "code",
   "execution_count": 3,
   "id": "aa1f1b12-0858-458d-83dd-0be4d807f54a",
   "metadata": {},
   "outputs": [],
   "source": [
    "from pymatgen.io.vasp import Poscar\n",
    "poscar = Poscar.from_file(POSCAR_path)\n",
    "structure = poscar.structure"
   ]
  },
  {
   "cell_type": "code",
   "execution_count": 4,
   "id": "9d530ec4-ec50-4f62-a911-5d8880c2498a",
   "metadata": {},
   "outputs": [
    {
     "data": {
      "text/plain": [
       "Structure Summary\n",
       "Lattice\n",
       "    abc : 8.704600021105904 4.2165279746556825 10.590763414698085\n",
       " angles : 90.0 90.0 90.0\n",
       " volume : 388.71479652948074\n",
       "      A : 8.704600021105904 0.0 0.0\n",
       "      B : 0.0 4.2165279746556825 0.0\n",
       "      C : 0.0 0.0 10.590763414698085\n",
       "PeriodicSite: Bi (7.5492, 1.0541, 6.6529) [0.8673, 0.2500, 0.6282]\n",
       "PeriodicSite: Bi (5.5077, 3.1624, 1.3576) [0.6327, 0.7500, 0.1282]\n",
       "PeriodicSite: Bi (1.1554, 3.1624, 3.9378) [0.1327, 0.7500, 0.3718]\n",
       "PeriodicSite: Bi (3.1969, 1.0541, 9.2332) [0.3673, 0.2500, 0.8718]\n",
       "PeriodicSite: Se (1.4868, 1.0541, 5.8573) [0.1708, 0.2500, 0.5531]\n",
       "PeriodicSite: Se (2.8655, 3.1624, 0.5620) [0.3292, 0.7500, 0.0531]\n",
       "PeriodicSite: Se (7.2178, 3.1624, 4.7334) [0.8292, 0.7500, 0.4469]\n",
       "PeriodicSite: Se (5.8391, 1.0541, 10.0288) [0.6708, 0.2500, 0.9469]\n",
       "PeriodicSite: I (0.1306, 3.1624, 8.7766) [0.0150, 0.7500, 0.8287]\n",
       "PeriodicSite: I (4.2217, 1.0541, 3.4812) [0.4850, 0.2500, 0.3287]\n",
       "PeriodicSite: I (8.5740, 1.0541, 1.8141) [0.9850, 0.2500, 0.1713]\n",
       "PeriodicSite: I (4.4829, 3.1624, 7.1095) [0.5150, 0.7500, 0.6713]"
      ]
     },
     "execution_count": 4,
     "metadata": {},
     "output_type": "execute_result"
    }
   ],
   "source": [
    "structure"
   ]
  },
  {
   "cell_type": "code",
   "execution_count": 5,
   "id": "f159a445-2dd3-4037-ba54-349d62522941",
   "metadata": {},
   "outputs": [
    {
     "data": {
      "text/plain": [
       "6.05420646922884"
      ]
     },
     "execution_count": 5,
     "metadata": {},
     "output_type": "execute_result"
    }
   ],
   "source": [
    "structure.get_distance(1,0)"
   ]
  },
  {
   "cell_type": "code",
   "execution_count": 6,
   "id": "b7bd9c09-444f-4293-b8cd-621861a7b303",
   "metadata": {},
   "outputs": [
    {
     "data": {
      "text/html": [
       "<div>\n",
       "<style scoped>\n",
       "    .dataframe tbody tr th:only-of-type {\n",
       "        vertical-align: middle;\n",
       "    }\n",
       "\n",
       "    .dataframe tbody tr th {\n",
       "        vertical-align: top;\n",
       "    }\n",
       "\n",
       "    .dataframe thead th {\n",
       "        text-align: right;\n",
       "    }\n",
       "</style>\n",
       "<table border=\"1\" class=\"dataframe\">\n",
       "  <thead>\n",
       "    <tr style=\"text-align: right;\">\n",
       "      <th></th>\n",
       "      <th>Species</th>\n",
       "      <th>a</th>\n",
       "      <th>b</th>\n",
       "      <th>c</th>\n",
       "      <th>x</th>\n",
       "      <th>y</th>\n",
       "      <th>z</th>\n",
       "    </tr>\n",
       "  </thead>\n",
       "  <tbody>\n",
       "    <tr>\n",
       "      <th>0</th>\n",
       "      <td>(Bi)</td>\n",
       "      <td>0.867263</td>\n",
       "      <td>0.25</td>\n",
       "      <td>0.628183</td>\n",
       "      <td>7.549182</td>\n",
       "      <td>1.054132</td>\n",
       "      <td>6.652939</td>\n",
       "    </tr>\n",
       "    <tr>\n",
       "      <th>1</th>\n",
       "      <td>(Bi)</td>\n",
       "      <td>0.632737</td>\n",
       "      <td>0.75</td>\n",
       "      <td>0.128183</td>\n",
       "      <td>5.507718</td>\n",
       "      <td>3.162396</td>\n",
       "      <td>1.357557</td>\n",
       "    </tr>\n",
       "    <tr>\n",
       "      <th>2</th>\n",
       "      <td>(Bi)</td>\n",
       "      <td>0.132737</td>\n",
       "      <td>0.75</td>\n",
       "      <td>0.371817</td>\n",
       "      <td>1.155418</td>\n",
       "      <td>3.162396</td>\n",
       "      <td>3.937825</td>\n",
       "    </tr>\n",
       "    <tr>\n",
       "      <th>3</th>\n",
       "      <td>(Bi)</td>\n",
       "      <td>0.367263</td>\n",
       "      <td>0.25</td>\n",
       "      <td>0.871817</td>\n",
       "      <td>3.196882</td>\n",
       "      <td>1.054132</td>\n",
       "      <td>9.233207</td>\n",
       "    </tr>\n",
       "    <tr>\n",
       "      <th>4</th>\n",
       "      <td>(Se)</td>\n",
       "      <td>0.170812</td>\n",
       "      <td>0.25</td>\n",
       "      <td>0.553062</td>\n",
       "      <td>1.486849</td>\n",
       "      <td>1.054132</td>\n",
       "      <td>5.857350</td>\n",
       "    </tr>\n",
       "    <tr>\n",
       "      <th>5</th>\n",
       "      <td>(Se)</td>\n",
       "      <td>0.329188</td>\n",
       "      <td>0.75</td>\n",
       "      <td>0.053062</td>\n",
       "      <td>2.865451</td>\n",
       "      <td>3.162396</td>\n",
       "      <td>0.561968</td>\n",
       "    </tr>\n",
       "    <tr>\n",
       "      <th>6</th>\n",
       "      <td>(Se)</td>\n",
       "      <td>0.829188</td>\n",
       "      <td>0.75</td>\n",
       "      <td>0.446938</td>\n",
       "      <td>7.217751</td>\n",
       "      <td>3.162396</td>\n",
       "      <td>4.733413</td>\n",
       "    </tr>\n",
       "    <tr>\n",
       "      <th>7</th>\n",
       "      <td>(Se)</td>\n",
       "      <td>0.670812</td>\n",
       "      <td>0.25</td>\n",
       "      <td>0.946938</td>\n",
       "      <td>5.839149</td>\n",
       "      <td>1.054132</td>\n",
       "      <td>10.028795</td>\n",
       "    </tr>\n",
       "    <tr>\n",
       "      <th>8</th>\n",
       "      <td>(I)</td>\n",
       "      <td>0.014999</td>\n",
       "      <td>0.75</td>\n",
       "      <td>0.828705</td>\n",
       "      <td>0.130563</td>\n",
       "      <td>3.162396</td>\n",
       "      <td>8.776621</td>\n",
       "    </tr>\n",
       "    <tr>\n",
       "      <th>9</th>\n",
       "      <td>(I)</td>\n",
       "      <td>0.485001</td>\n",
       "      <td>0.25</td>\n",
       "      <td>0.328705</td>\n",
       "      <td>4.221737</td>\n",
       "      <td>1.054132</td>\n",
       "      <td>3.481240</td>\n",
       "    </tr>\n",
       "    <tr>\n",
       "      <th>10</th>\n",
       "      <td>(I)</td>\n",
       "      <td>0.985001</td>\n",
       "      <td>0.25</td>\n",
       "      <td>0.171295</td>\n",
       "      <td>8.574037</td>\n",
       "      <td>1.054132</td>\n",
       "      <td>1.814142</td>\n",
       "    </tr>\n",
       "    <tr>\n",
       "      <th>11</th>\n",
       "      <td>(I)</td>\n",
       "      <td>0.514999</td>\n",
       "      <td>0.75</td>\n",
       "      <td>0.671295</td>\n",
       "      <td>4.482863</td>\n",
       "      <td>3.162396</td>\n",
       "      <td>7.109524</td>\n",
       "    </tr>\n",
       "  </tbody>\n",
       "</table>\n",
       "</div>"
      ],
      "text/plain": [
       "   Species         a     b         c         x         y          z\n",
       "0     (Bi)  0.867263  0.25  0.628183  7.549182  1.054132   6.652939\n",
       "1     (Bi)  0.632737  0.75  0.128183  5.507718  3.162396   1.357557\n",
       "2     (Bi)  0.132737  0.75  0.371817  1.155418  3.162396   3.937825\n",
       "3     (Bi)  0.367263  0.25  0.871817  3.196882  1.054132   9.233207\n",
       "4     (Se)  0.170812  0.25  0.553062  1.486849  1.054132   5.857350\n",
       "5     (Se)  0.329188  0.75  0.053062  2.865451  3.162396   0.561968\n",
       "6     (Se)  0.829188  0.75  0.446938  7.217751  3.162396   4.733413\n",
       "7     (Se)  0.670812  0.25  0.946938  5.839149  1.054132  10.028795\n",
       "8      (I)  0.014999  0.75  0.828705  0.130563  3.162396   8.776621\n",
       "9      (I)  0.485001  0.25  0.328705  4.221737  1.054132   3.481240\n",
       "10     (I)  0.985001  0.25  0.171295  8.574037  1.054132   1.814142\n",
       "11     (I)  0.514999  0.75  0.671295  4.482863  3.162396   7.109524"
      ]
     },
     "execution_count": 6,
     "metadata": {},
     "output_type": "execute_result"
    }
   ],
   "source": [
    "structure.as_dataframe()"
   ]
  },
  {
   "cell_type": "code",
   "execution_count": 7,
   "id": "599d88ea-761f-4781-9ee9-9eb4196762cb",
   "metadata": {},
   "outputs": [
    {
     "data": {
      "text/plain": [
       "Lattice\n",
       "    abc : 8.704600021105904 4.2165279746556825 10.590763414698085\n",
       " angles : 90.0 90.0 90.0\n",
       " volume : 388.71479652948074\n",
       "      A : 8.704600021105904 0.0 0.0\n",
       "      B : 0.0 4.2165279746556825 0.0\n",
       "      C : 0.0 0.0 10.590763414698085"
      ]
     },
     "execution_count": 7,
     "metadata": {},
     "output_type": "execute_result"
    }
   ],
   "source": [
    "structure.lattice"
   ]
  },
  {
   "cell_type": "code",
   "execution_count": 11,
   "id": "42ceef8d-ccb5-4e25-8d35-d2da4d3f713e",
   "metadata": {},
   "outputs": [
    {
     "data": {
      "text/plain": [
       "array([[0.        , 6.05420647, 4.14205101, 5.05967376, 2.7594449 ,\n",
       "        6.39220699, 2.87040057, 3.78425963, 3.25707768, 4.59690789,\n",
       "        4.94613792, 3.74907389],\n",
       "       [6.05420647, 0.        , 5.05967376, 4.14205101, 6.39220699,\n",
       "        2.7594449 , 3.78425963, 2.87040057, 4.59690789, 3.25707768,\n",
       "        3.74907389, 4.94613792],\n",
       "       [4.14205101, 5.05967376, 0.        , 6.05420647, 2.87040057,\n",
       "        3.78425963, 2.7594449 , 6.39220699, 4.94613792, 3.74907389,\n",
       "        3.25707768, 4.59690789],\n",
       "       [5.05967376, 4.14205101, 6.05420647, 0.        , 3.78425963,\n",
       "        2.87040057, 6.39220699, 2.7594449 , 3.74907389, 4.94613792,\n",
       "        4.59690789, 3.25707768],\n",
       "       [2.7594449 , 6.39220699, 2.87040057, 3.78425963, 0.        ,\n",
       "        5.86399101, 3.81456217, 6.02855461, 3.84791279, 3.62291505,\n",
       "        4.354716  , 3.87153978],\n",
       "       [6.39220699, 2.7594449 , 3.78425963, 2.87040057, 5.86399101,\n",
       "        0.        , 6.02855461, 3.81456217, 3.62291505, 3.84791279,\n",
       "        3.87153978, 4.354716  ],\n",
       "       [2.87040057, 3.78425963, 2.7594449 , 6.39220699, 3.81456217,\n",
       "        6.02855461, 0.        , 5.86399101, 4.354716  , 3.87153978,\n",
       "        3.84791279, 3.62291505],\n",
       "       [3.78425963, 2.87040057, 6.39220699, 2.7594449 , 6.02855461,\n",
       "        3.81456217, 5.86399101, 0.        , 3.87153978, 4.354716  ,\n",
       "        3.62291505, 3.84791279],\n",
       "       [3.25707768, 4.59690789, 4.94613792, 3.74907389, 3.84791279,\n",
       "        3.62291505, 4.354716  , 3.87153978, 0.        , 7.01594935,\n",
       "        4.20445105, 4.66065771],\n",
       "       [4.59690789, 3.25707768, 3.74907389, 4.94613792, 3.62291505,\n",
       "        3.84791279, 3.87153978, 4.354716  , 7.01594935, 0.        ,\n",
       "        4.66065771, 4.20445105],\n",
       "       [4.94613792, 3.74907389, 3.25707768, 4.59690789, 4.354716  ,\n",
       "        3.87153978, 3.84791279, 3.62291505, 4.20445105, 4.66065771,\n",
       "        0.        , 7.01594935],\n",
       "       [3.74907389, 4.94613792, 4.59690789, 3.25707768, 3.87153978,\n",
       "        4.354716  , 3.62291505, 3.84791279, 4.66065771, 4.20445105,\n",
       "        7.01594935, 0.        ]])"
      ]
     },
     "execution_count": 11,
     "metadata": {},
     "output_type": "execute_result"
    }
   ],
   "source": [
    "structure.distance_matrix"
   ]
  },
  {
   "cell_type": "code",
   "execution_count": 14,
   "id": "cbbc95af-4c9e-451b-a6db-e03af319dbe3",
   "metadata": {},
   "outputs": [
    {
     "data": {
      "text/plain": [
       "[[PeriodicSite: Se (7.2178, -1.0541, 4.7334) [0.8292, -0.2500, 0.4469],\n",
       "  PeriodicSite: Se (7.2178, 3.1624, 4.7334) [0.8292, 0.7500, 0.4469],\n",
       "  PeriodicSite: Se (10.1914, 1.0541, 5.8573) [1.1708, 0.2500, 0.5531]],\n",
       " [PeriodicSite: Se (2.8655, 3.1624, 0.5620) [0.3292, 0.7500, 0.0531],\n",
       "  PeriodicSite: Se (5.8391, 1.0541, -0.5620) [0.6708, 0.2500, -0.0531],\n",
       "  PeriodicSite: Se (5.8391, 5.2707, -0.5620) [0.6708, 1.2500, -0.0531]],\n",
       " [PeriodicSite: Se (-1.4868, 3.1624, 4.7334) [-0.1708, 0.7500, 0.4469],\n",
       "  PeriodicSite: Se (1.4868, 1.0541, 5.8573) [0.1708, 0.2500, 0.5531],\n",
       "  PeriodicSite: Se (1.4868, 5.2707, 5.8573) [0.1708, 1.2500, 0.5531]],\n",
       " [PeriodicSite: Se (2.8655, -1.0541, 11.1527) [0.3292, -0.2500, 1.0531],\n",
       "  PeriodicSite: Se (2.8655, 3.1624, 11.1527) [0.3292, 0.7500, 1.0531],\n",
       "  PeriodicSite: Se (5.8391, 1.0541, 10.0288) [0.6708, 0.2500, 0.9469]],\n",
       " [PeriodicSite: Bi (-1.1554, 1.0541, 6.6529) [-0.1327, 0.2500, 0.6282],\n",
       "  PeriodicSite: Bi (1.1554, -1.0541, 3.9378) [0.1327, -0.2500, 0.3718],\n",
       "  PeriodicSite: Bi (1.1554, 3.1624, 3.9378) [0.1327, 0.7500, 0.3718]],\n",
       " [PeriodicSite: Bi (3.1969, 1.0541, -1.3576) [0.3673, 0.2500, -0.1282],\n",
       "  PeriodicSite: Bi (5.5077, 3.1624, 1.3576) [0.6327, 0.7500, 0.1282],\n",
       "  PeriodicSite: Bi (3.1969, 5.2707, -1.3576) [0.3673, 1.2500, -0.1282]],\n",
       " [PeriodicSite: Bi (7.5492, 1.0541, 6.6529) [0.8673, 0.2500, 0.6282],\n",
       "  PeriodicSite: Bi (7.5492, 5.2707, 6.6529) [0.8673, 1.2500, 0.6282],\n",
       "  PeriodicSite: Bi (9.8600, 3.1624, 3.9378) [1.1327, 0.7500, 0.3718]],\n",
       " [PeriodicSite: Bi (5.5077, -1.0541, 11.9483) [0.6327, -0.2500, 1.1282],\n",
       "  PeriodicSite: Bi (3.1969, 1.0541, 9.2332) [0.3673, 0.2500, 0.8718],\n",
       "  PeriodicSite: Bi (5.5077, 3.1624, 11.9483) [0.6327, 0.7500, 1.1282]],\n",
       " [],\n",
       " [],\n",
       " [],\n",
       " []]"
      ]
     },
     "execution_count": 14,
     "metadata": {},
     "output_type": "execute_result"
    }
   ],
   "source": [
    "structure.get_all_neighbors(3.)"
   ]
  },
  {
   "cell_type": "code",
   "execution_count": null,
   "id": "7421b206-a0ac-42d0-9744-8f1aedb2202c",
   "metadata": {},
   "outputs": [],
   "source": []
  }
 ],
 "metadata": {
  "kernelspec": {
   "display_name": "main_research",
   "language": "python",
   "name": "main_research"
  },
  "language_info": {
   "codemirror_mode": {
    "name": "ipython",
    "version": 3
   },
   "file_extension": ".py",
   "mimetype": "text/x-python",
   "name": "python",
   "nbconvert_exporter": "python",
   "pygments_lexer": "ipython3",
   "version": "3.9.12"
  }
 },
 "nbformat": 4,
 "nbformat_minor": 5
}
